year	site	visit	count
2003	1	1	2
2003	1	2	2
2003	1	3	7
2003	1	4	13
2003	1	5	6
2003	1	6	8
2003	1	7	2
2003	1	8	8
2003	1	9	4
2003	1	10	6
2003	1	11	10
2003	1	12	3
2003	1	13	3
2003	2	1	1
2003	2	2	4
2003	2	3	5
2003	2	4	6
2003	2	5	10
2003	2	6	7
2003	2	7	7
2003	2	8	12
2003	2	9	4
2003	2	10	9
2003	2	11	4
2003	2	12	5
2003	2	13	2
2003	3	1	2
2003	3	2	1
2003	3	3	1
2003	3	4	1
2003	3	5	2
2003	3	6	2
2003	3	7	3
2003	3	8	1
2003	3	9	1
2003	3	10	1
2003	3	11	2
2003	3	12	1
2003	4	1	4
2003	4	2	7
2003	4	3	11
2003	4	4	6
2003	4	5	14
2003	4	6	15
2003	4	7	11
2003	4	8	22
2003	4	9	16
2003	4	10	21
2003	4	11	14
2003	4	12	3
2003	4	13	5
2003	5	1	2
2003	5	2	2
2003	5	3	5
2003	5	4	7
2003	5	5	9
2003	5	6	4
2003	5	7	8
2003	5	8	11
2003	5	9	8
2003	5	10	5
2003	5	11	13
2003	5	12	5
2003	5	13	2
2003	6	1	4
2003	6	2	4
2003	6	3	8
2003	6	4	7
2003	6	5	8
2003	6	6	9
2003	6	7	7
2003	6	8	13
2003	6	9	15
2003	6	10	8
2003	6	11	9
2003	6	12	7
2003	6	13	4
2003	7	1	1
2003	7	2	3
2003	7	3	4
2003	7	4	2
2003	7	5	6
2003	7	6	4
2003	7	7	6
2003	7	8	5
2003	7	9	5
2003	7	10	3
2003	7	11	3
2003	8	1	2
2003	8	2	2
2003	8	3	3
2003	8	4	3
2003	8	5	2
2003	8	6	5
2003	8	7	1
2003	8	8	3
2003	8	9	7
2003	8	10	6
2003	8	11	3
2003	8	12	1
2003	9	1	5
2003	9	2	3
2003	9	3	3
2003	9	4	2
2003	9	5	5
2003	9	6	4
2003	9	7	7
2003	9	8	6
2003	9	9	9
2003	9	10	4
2003	9	11	10
2003	9	12	3
2003	9	13	2
2003	10	1	3
2003	10	2	3
2003	10	3	1
2003	10	4	6
2003	10	5	5
2003	10	6	5
2003	10	7	5
2003	10	8	11
2003	10	9	8
2003	10	10	2
2003	10	11	4
2003	10	12	5
2003	10	13	1
2003	11	1	1
2003	11	2	1
2003	11	3	2
2003	11	4	3
2003	11	5	5
2003	11	6	3
2003	11	7	3
2003	11	8	3
2003	11	9	4
2003	11	10	3
2003	11	11	5
2003	11	12	2
2003	12	1	1
2003	12	2	2
2003	12	3	3
2003	12	4	2
2003	12	5	2
2003	12	6	5
2003	12	7	2
2003	12	8	2
2004	1	1	6
2004	1	2	2
2004	1	3	7
2004	1	4	4
2004	1	5	4
2004	1	6	3
2004	1	7	4
2004	1	8	3
2004	2	1	10
2004	2	2	4
2004	2	3	3
2004	2	4	4
2004	2	5	3
2004	2	6	5
2004	2	7	1
2004	2	8	3
2004	3	1	1
2004	3	2	3
2004	3	3	2
2004	3	4	2
2004	3	5	2
2004	3	6	3
2004	4	1	9
2004	4	2	13
2004	4	3	13
2004	4	4	23
2004	4	5	16
2004	4	6	17
2004	4	7	12
2004	4	8	7
2004	5	1	4
2004	5	2	6
2004	5	3	10
2004	5	4	16
2004	5	5	13
2004	5	6	13
2004	5	7	2
2004	5	8	6
2004	6	1	15
2004	6	2	10
2004	6	3	10
2004	6	4	11
2004	6	5	18
2004	6	6	12
2004	6	7	4
2004	6	8	5
2004	7	1	10
2004	7	2	11
2004	7	3	5
2004	7	4	7
2004	7	5	9
2004	7	6	4
2004	7	7	1
2004	7	8	7
2004	8	1	7
2004	8	2	9
2004	8	3	5
2004	8	4	4
2004	8	5	9
2004	8	6	2
2004	8	7	2
2004	8	8	2
2004	9	1	7
2004	9	2	8
2004	9	3	6
2004	9	4	5
2004	9	5	5
2004	9	6	6
2004	9	7	7
2004	9	8	5
2004	10	1	12
2004	10	2	6
2004	10	3	20
2004	10	4	10
2004	10	5	8
2004	10	6	7
2004	10	7	5
2004	10	8	3
2004	11	1	4
2004	11	2	8
2004	11	3	10
2004	11	4	4
2004	11	5	7
2004	11	6	1
2004	11	7	5
2004	11	8	4
2004	12	1	6
2004	12	2	7
2004	12	3	9
2004	12	4	9
2004	12	5	4
2004	12	6	4
2004	12	7	5
2004	12	8	2
2005	1	1	9
2005	1	2	6
2005	1	3	8
2005	1	4	4
2005	1	5	4
2005	1	6	6
2005	1	7	5
2005	2	1	2
2005	2	2	1
2005	2	3	3
2005	2	4	4
2005	2	5	2
2005	2	6	3
2005	3	1	2
2005	3	2	5
2005	3	3	4
2005	3	4	1
2005	3	5	3
2005	3	6	4
2005	3	7	4
2005	4	1	16
2005	4	2	13
2005	4	3	14
2005	4	4	16
2005	4	5	13
2005	4	6	9
2005	4	7	7
2005	5	1	9
2005	5	2	12
2005	5	3	12
2005	5	4	11
2005	5	5	13
2005	5	6	7
2005	5	7	4
2005	6	1	13
2005	6	2	10
2005	6	3	11
2005	6	4	11
2005	6	5	9
2005	6	6	8
2005	6	7	4
2005	7	1	7
2005	7	2	5
2005	7	3	10
2005	7	4	8
2005	7	5	5
2005	7	6	6
2005	7	7	4
2005	8	1	5
2005	8	2	3
2005	8	3	4
2005	8	4	9
2005	8	5	4
2005	8	6	2
2005	8	7	4
2005	9	1	8
2005	9	2	13
2005	9	3	9
2005	9	4	5
2005	9	5	6
2005	9	6	10
2005	9	7	4
2005	10	1	4
2005	10	2	7
2005	10	3	4
2005	10	4	6
2005	10	5	5
2005	10	6	5
2005	11	1	2
2005	11	2	2
2005	11	3	6
2005	11	4	3
2005	11	5	6
2005	11	6	1
2005	11	7	2
2005	12	1	10
2005	12	2	6
2005	12	3	8
2005	12	4	5
2005	12	5	6
2005	12	6	2
2005	12	7	4
2006	1	1	10
2006	1	2	5
2006	1	3	4
2006	1	4	6
2006	1	5	6
2006	1	6	4
2006	1	7	7
2006	2	1	8
2006	2	2	8
2006	2	3	4
2006	2	4	4
2006	2	5	6
2006	2	6	4
2006	2	7	4
2006	3	1	6
2006	3	2	10
2006	3	3	4
2006	3	4	6
2006	3	5	9
2006	3	6	2
2006	3	7	4
2006	4	1	15
2006	4	2	14
2006	4	3	19
2006	4	4	19
2006	4	5	14
2006	4	6	8
2006	4	7	14
2006	5	1	15
2006	5	2	10
2006	5	3	14
2006	5	4	13
2006	5	5	19
2006	5	6	11
2006	5	7	1
2006	6	1	17
2006	6	2	6
2006	6	3	9
2006	6	4	12
2006	6	5	11
2006	6	6	9
2006	6	7	7
2006	7	1	22
2006	7	2	8
2006	7	3	10
2006	7	4	14
2006	7	5	12
2006	7	6	4
2006	7	7	10
2006	8	1	16
2006	8	2	8
2006	8	3	6
2006	8	4	8
2006	8	5	11
2006	8	6	3
2006	8	7	2
2006	9	1	4
2006	9	2	7
2006	9	3	1
2006	9	4	10
2006	9	5	9
2006	9	6	4
2006	9	7	9
2006	10	1	10
2006	10	2	6
2006	10	3	3
2006	10	4	7
2006	10	5	4
2006	10	6	5
2006	10	7	1
2006	11	1	14
2006	11	2	9
2006	11	3	9
2006	11	4	10
2006	11	5	7
2006	11	6	7
2006	11	7	3
2006	12	1	12
2006	12	2	4
2006	12	3	7
2006	12	4	6
2006	12	5	2
2006	12	6	4
2006	12	7	4
