Site	Year	N	Mean annual daily flow (m3/s)	SE	Mean Feb flow (m3/s)	SE	30-day minimum flow (m3/s)	Julian date of annual minimum flow	Number of high flow pulses >3x median annual daily flow	Richards-Baker Index
Mersey MillFalls	1968	365	7.19488	0.36585	7.83214	0.29632	0.5198	293	64	0.07386
Mersey MillFalls	1969	365	7.08122	0.32806	13.85786	1.69424	1.178	224	38	0.08925
Mersey MillFalls	1970	365	9.34006	0.44203	18.93857	2.31228	1.168	195	21	0.08475
Mersey MillFalls	1971	366	9.34886	0.46828	9.95793	0.85683	0.9964	274	29	0.09695
Mersey MillFalls	1972	365	11.18863	0.33002	12.97071	1.10085	3.229	275	1	0.08770
Mersey MillFalls	1973	365	8.36602	0.35882	15.15143	1.24255	1.125	299	58	0.07876
Mersey MillFalls	1974	365	8.04926	0.36377	5.36714	0.25628	0.6232	243	26	0.06726
Mersey MillFalls	1975	366	11.59101	0.50239	19.81000	1.72373	2.028	275	25	0.11626
Mersey MillFalls	1976	365	10.05923	0.38615	6.82429	0.61013	3.99	194	26	0.08660
Mersey MillFalls	1977	365	9.61574	0.50836	11.32000	1.25419	0.1162	250	46	0.11224
Mersey MillFalls	1978	365	10.94062	0.60013	14.81179	2.30861	0.9653	278	52	0.11166
Mersey MillFalls	1979	366	7.28772	0.36807	3.42034	0.24421	0.2276	257	32	0.08118
Mersey MillFalls	1980	365	8.32797	0.45605	20.09643	2.16554	0.9635	276	54	0.08899
Mersey MillFalls	1981	365	10.62682	0.45461	14.57500	1.09572	1.402	264	24	0.09400
Mersey MillFalls	1982	365	6.66042	0.32826	5.81250	0.32659	0.7853	243	31	0.08331
Mersey MillFalls	1983	366	8.45498	0.35334	17.32414	0.90476	1.236	286	18	0.09579
Mersey MillFalls	1984	365	6.48005	0.34835	4.81143	0.53721	1.552	274	38	0.09786
Mersey MillFalls	1985	365	7.27711	0.38087	5.88786	0.71052	1.062	286	48	0.10899
Mersey MillFalls	1986	365	6.15274	0.41832	2.91071	0.10325	0.1954	252	41	0.07970
Mersey MillFalls	1987	366	7.96197	0.33560	18.30345	1.05753	1.41	203	35	0.08031
Mersey MillFalls	1988	365	7.24642	0.38245	6.43786	0.93916	0.3698	258	54	0.09268
Mersey MillFalls	1989	365	8.96097	0.38030	13.86607	0.74460	0.9888	264	29	0.09520
Mersey MillFalls	1990	365	8.68630	0.39972	6.13071	0.14470	0.5269	207	41	0.08904
Mersey MillFalls	1991	366	8.14422	0.41425	7.21724	0.22074	0.2168	262	18	0.09307
Mersey MillFalls	1992	365	6.73845	0.39213	7.14464	0.21605	0.1599	261	57	0.09286
Mersey MillFalls	1993	365	11.84295	0.69911	6.86286	0.74847	0.5842	271	39	0.11260
Mersey MillFalls	1994	365	7.53289	0.38972	11.84295	0.69911	0.311	261	39	0.08678
Mersey MillFalls	1995	366	8.46252	0.37245	10.33607	1.25420	0.9656	279	26	0.10089
Mersey MillFalls	1996	365	8.72205	0.34976	12.34310	2.21056	0.193	270	6	0.07622
Mersey MillFalls	1997	365	6.59640	0.48215	12.44107	2.28872	0.0837	298	85	0.11159
Mersey MillFalls	1998	365	8.48503	0.41229	10.99250	0.47902	0.3589	204	39	0.08979
Mersey MillFalls	1999	366	7.26125	0.30685	11.56653	1.32627	0.1577	257	10	0.07842
Mersey MillFalls	2000	364	6.35506	0.42414	9.52469	0.27012	0.1289	265	41	0.07559
Mersey MillFalls	2001	365	6.14504	0.41695	9.39343	0.24468	0.1058	254	94	0.08712
Mersey MillFalls	2002	365	11.05705	0.81189	4.36964	0.08178	1.045	214	60	0.15809
Mersey MillFalls	2003	366	7.26529	0.36303	8.05005	0.86016	0.9413	261	40	0.07938
Mersey George Lake	1968	365	18.91979	0.93017	21.51429	0.38988	1.258	294	56	0.04509
Mersey George Lake	1969	365	17.70501	0.76892	31.19500	2.56106	2.511	275	32	0.05964
Mersey George Lake	1970	365	23.57575	0.99148	42.73214	4.51089	2.302	224	24	0.05031
Mersey George Lake	1971	366	22.91757	0.97483	19.93448	0.73728	1.777	274	17	0.04348
Mersey George Lake	1972	365	28.00192	0.73727	36.24643	1.89935	7.369	279	0	0.05193
Mersey George Lake	1973	365	19.32068	0.83713	31.63929	2.03659	3.093	299	68	0.04708
Mersey George Lake	1974	365	19.44005	0.78155	15.17857	0.97900	1.635	243	24	0.04092
Mersey George Lake	1975	366	27.14844	0.93980	45.11034	1.93060	4.226	275	0	0.05386
Mersey George Lake	1976	365	23.57419	0.80936	18.01071	0.88686	8.183	254	18	0.05165
Mersey George Lake	1977	365	24.28379	1.11697	30.77500	3.64113	0.5211	250	25	0.05642
Mersey George Lake	1978	365	23.80497	1.15819	38.09286	3.81580	1.098	288	49	0.05709
Mersey George Lake	1979	366	18.08847	0.82015	8.62690	0.63921	0.847	258	31	0.04748
Mersey George Lake	1980	365	21.36519	0.91413	43.28571	3.37054	1.738	276	42	0.04927
Mersey George Lake	1981	365	24.93047	0.94908	34.56429	2.14242	3.689	264	0	0.04965
Mersey George Lake	1982	365	16.61499	0.74734	19.03214	0.79119	2.202	242	16	0.03740
Mersey George Lake	1983	366	21.08131	0.77123	41.13448	1.33111	2.661	292	2	0.04666
Mersey George Lake	1984	365	15.71510	0.69443	11.24500	0.89024	3.591	272	31	0.04514
Mersey George Lake	1985	365	19.06258	0.77252	26.54286	2.60239	2.466	288	38	0.05101
Mersey George Lake	1986	365	15.38810	0.86148	9.76536	0.41085	0.575	250	42	0.05112
Mersey George Lake	1987	366	19.65732	0.73804	41.55517	2.47196	4.087	202	18	0.04701
Mersey George Lake	1988	365	20.17002	0.85391	21.03214	1.90398	1.017	258	25	0.04765
Mersey George Lake	1989	365	22.28211	0.84500	38.88929	0.92688	2.643	266	14	0.04780
Mersey George Lake	1990	365	20.59625	0.90469	17.03571	0.19849	1.292	205	37	0.04790
Mersey George Lake	1991	366	19.88544	0.79161	20.99310	0.69560	0.728	266	6	0.04654
Mersey George Lake	1992	365	16.07085	0.80487	16.65000	0.51891	0.6043	284	31	0.04176
Mersey George Lake	1993	365	27.94368	1.34641	28.97143	2.33863	2.424	277	23	0.05606
Mersey George Lake	1994	365	18.23275	0.82899	23.95000	0.98394	0.606	258	27	0.04156
Mersey George Lake	1995	366	22.30037	0.80386	40.02759	2.32124	1.572	275	12	0.04892
Mersey George Lake	1996	365	21.62149	0.80346	31.18214	0.62590	0.6392	246	0	0.03358
Mersey George Lake	1997	365	15.79316	0.95992	32.37500	2.43645	0.5899	299	104	0.05595
Mersey George Lake	1998	365	19.09201	0.85031	22.90357	0.76271	0.6698	227	11	0.04501
Mersey George Lake	1999	366	19.05408	0.73084	27.72069	0.70374	0.5577	257	0	0.03651
Moosepit Brook	1982	365	0.40819	0.02280	0.34143	0.04511	0.0271	202	67	0.19125
Moosepit Brook	1983	366	0.55360	0.02641	1.03183	0.08990	0.1034	286	25	0.23550
Moosepit Brook	1984	365	0.43913	0.02307	0.43718	0.06507	0.08463	272	37	0.19312
Moosepit Brook	1985	365	0.47608	0.02627	0.22614	0.03047	0.0997	278	59	0.21155
Moosepit Brook	1986	364	0.35704	0.02625	0.14186	0.00555	0.0131	235	43	0.15508
Moosepit Brook	1987	366	0.41492	0.02268	1.03976	0.09978	0.03907	196	73	0.17984
Moosepit Brook	1988	365	0.45538	0.02619	0.29546	0.05117	0.005667	257	54	0.22432
Moosepit Brook	1989	365	0.50775	0.02735	0.68243	0.08638	0.0178	263	47	0.25758
Moosepit Brook	1990	365	0.49279	0.02970	0.36411	0.02076	0.008033	195	59	0.22615
Moosepit Brook	1991	366	0.43837	0.02789	0.45138	0.06001	0.006433	247	47	0.25634
Moosepit Brook	1992	365	0.37146	0.02182	0.34321	0.04877	0.005767	244	71	0.19008
Moosepit Brook	1993	365	0.66048	0.04794	0.42604	0.09590	0.04407	230	76	0.27086
Moosepit Brook	1994	365	0.39718	0.02504	0.32329	0.02486	0.003067	250	50	0.24655
Moosepit Brook	1995	366	0.57208	0.03201	1.06976	0.19773	0.03607	245	56	0.25448
Moosepit Brook	1996	365	0.47917	0.02491	0.63975	0.07807	0.003867	204	57	0.24023
Moosepit Brook	1997	365	0.36585	0.03129	0.77511	0.16047	0.007733	229	81	0.25989
Moosepit Brook	1998	365	0.42742	0.02629	0.77511	0.03033	0.01393	191	81	0.25636
Moosepit Brook	1999	366	0.38586	0.01915	0.39083	0.04184	0.0252	258	52	0.20001
Moosepit Brook	2000	365	0.40477	0.02455	0.23561	0.01724	0.0137	225	83	0.16948
Moosepit Brook	2001	365	0.42154	0.02571	0.68693	0.10878	0.009367	237	60	0.20942
Moosepit Brook	2002	365	0.62151	0.04799	0.68743	0.09237	0.03617	214	66	0.29987
Moosepit Brook	2003	366	0.40723	0.02706	0.08048	0.00631	0.07837	226	61	0.19289
Moosepit Brook	2004	365	0.63055	0.04519	0.47411	0.06102	0.0521	243	65	0.28202
Moosepit Brook	2005	365	0.62067	0.03245	0.52689	0.07803	0.02353	262	29	0.24473
										
										

Mill Falls - mean			8.3752		10.5140		0.8864	256.31	38.47	0.09
Mill Falls - SD			1.6264		4.7846		0.8363	28.77	19.63	0.02
Mill Falls - effect size			0.1942		0.4551		0.9435	0.1122	0.5102	0.1792
										
George Lake - mean			20.7387		27.7472		2.1616	263.03	25.72	0.05
George Lake - SD			3.4523		10.5750		1.8471	24.71	22.30	0.01
George Lake - effect size			0.1665		0.3811		0.8545	0.0939	0.8670	0.1269
										
Moosepit - mean			0.4712		0.5186		0.0316	237.04	58.29	0.23
Moosepit - SD			0.0919		0.2782		0.0309	26.91	15.56	0.04
Moosepit - effect size			0.1950		0.5365		0.9779	0.1135	0.2669	0.1660
										
Mean effect size			0.1852		0.4576		0.9253	0.1066	0.5480	0.1574
